130101 0 0 0 2 0.088194 0.091655 0.083981 0.125093 0.084178 1 걸작다큐멘터리(재)
130101 0 1 0 2 0.088194 0.091655 0.083981 0.125093 0.084178 1 걸작다큐멘터리(재)
130101 9 1 0 2 0.083981 0.106238 0.083981 0.125093 0.541385 1 걸작다큐멘터리(재)
130101 9 2 0 2 0.083981 0.095822 0.083981 0.125093 0.288007 1 걸작다큐멘터리(재)
130101 123 2 0 2 0.109028 0.109711 0.083981 0.125093 0.016610 1 걸작다큐멘터리(재)
130101 131 2 0 2 0.084028 0.125093 0.083981 0.125093 0.998874 1 걸작다큐멘터리(재)
130101 167 1 0 2 0.088194 0.090266 0.083981 0.125093 0.050394 1 걸작다큐멘터리(재)
130101 233 2 0 2 0.084722 0.085405 0.083981 0.125093 0.016610 1 걸작다큐멘터리(재)
130101 266 1 0 2 0.104861 0.124988 0.083981 0.125093 0.489583 1 걸작다큐멘터리(재)

